ident
torus
0 0 0 5 50
torus
5 -30 0 3 40
torus
-5 30 0 2 30
torus
-10 60 0 1 20
rotate
z 25
rotate
y 2500
move
192 196 0
apply
bezier
220 79 261 103 231 153 179 211
bezier
294 119 282 135 212 171 182 214
circle
61 412 0 59
bezier
59 359 39 304 60 293 62 312
bezier
62 312 105 255 62 261 81 233
bezier
81 233 97 226 109 263 102 287
bezier
102 287 147 293 113 220 149 245
bezier
149 245 168 289 129 290 129 326
bezier
129 326 148 317 189 306 156 342
bezier
156 342 148 347 125 373 103 369
display
save
grad.png
